proj:       99
zone:       0
north:      222504.44509601
south:      219456.439
east:       637033.27409601
west:       633985.268
cols:       500
rows:       500
e-w resol:  6.09601219
n-s resol:  6.09601219
format:     -1
compressed: 1
