proj:       99
zone:       0
north:      220750
south:      220290
east:       639000
west:       638300
cols:       350
rows:       230
e-w resol:  2
n-s resol:  2
top:        1.000000000000000
bottom:     0.000000000000000
cols3:      700
rows3:      460
depths:     1
e-w resol3: 1
n-s resol3: 1
t-b resol:  1
