proj:       99
zone:       0
north:      5074355.99665313
south:      5070471.41825743
east:       6555639.52408344
west:       6551798.57317132
cols:       384
rows:       388
e-w resol:  10.00247633
n-s resol:  10.01179999
top:        0.500000000000000
bottom:     -0.500000000000000
cols3:      3841
rows3:      3885
depths:     1
e-w resol3: 0.99998722
n-s resol3: 0.99989148
t-b resol:  1
