proj:       99
zone:       0
north:      5074351
south:      5070471
east:       6555639
west:       6551799
cols:       384
rows:       388
e-w resol:  10
n-s resol:  10
top:        0.500000000000000
bottom:     -0.500000000000000
cols3:      3840
rows3:      3880
depths:     1
e-w resol3: 1
n-s resol3: 1
t-b resol:  1
