proj:       99
zone:       0
north:      220752.26468322
south:      219997.8413751
east:       639002.86824479
west:       638297.6028384
cols:       703
rows:       752
e-w resol:  1.00322248
n-s resol:  1.00322248
format:     1
compressed: 2
