proj:       99
zone:       0
north:      224679.7836417
south:      224024.4207618
east:       639608.5778108
west:       638926.7079246
cols:       746
rows:       717
e-w resol:  0.9140347
n-s resol:  0.9140347
format:     -1
compressed: 1
