proj:       99
zone:       0
north:      250670
south:      249730
east:       914342
west:       913366
cols:       976
rows:       940
e-w resol:  1
n-s resol:  1
top:        1.000000000000000
bottom:     0.000000000000000
cols3:      976
rows3:      940
depths:     1
e-w resol3: 1
n-s resol3: 1
t-b resol:  1
